world: world
x: -421.70432956747356
y: 63.0
z: 405.83066823039013
yaw: -277.35474
pitch: 12.14999
name: dd
