world: world
x: -786.712641355525
y: 76.0
z: 340.7706825533026
yaw: -268.78424
pitch: 63.60003
name: one
