world: world
x: -382.30000001192093
y: 62.0
z: 373.16573095741387
yaw: -311.8338
pitch: 23.249947
name: PMG
