world: world
x: -445.5188185247682
y: 63.0
z: 405.28259339269977
yaw: 272.2459
pitch: -4.7999964
name: shop
