spawns: 
  default: 
    world: world
    x: -453.8040063936829
    y: 65.0
    z: 379.28872599009236
    yaw: -261.44995
    pitch: -0.3000002
