world: world
x: -515.8851224945732
y: 72.0
z: 50.5403548848891
yaw: -191.98387
pitch: 40.199978
name: beach
