world: world
x: 266.79798259796485
y: 67.0
z: 330.34509465293934
yaw: 269.25076
pitch: -2.0999906
name: beachhouse
