world: world
x: -1202.7454201943726
y: 69.16323435721993
z: 50.96962995910329
yaw: 70.12457
pitch: 18.749975
name: BEAUTIFULLZ
