world: world
x: -1306.7559117570343
y: 57.0
z: 187.23750001192096
yaw: -187.04565
pitch: 48.899986
name: LOLZ
