world: world_nether
x: 23.224528267022333
y: 68.0
z: -116.24992430313786
yaw: -47.70494
pitch: 13.799949
name: quartz
