world: world
x: -764.5
y: 11.0
z: 368.5
yaw: -11.9883995
pitch: 19.49999
name: spawner
