world: world
x: -1303.883180434553
y: 65.0
z: 188.46324901053327
yaw: -272.39545
pitch: 67.79999
name: two
