timestamps:
  login: 1376870425854
  lastteleport: 1376871414673
  logout: 1376871434499
ipAddress: 86.149.31.153
lastlocation:
  world: world
  x: -306.30000001192093
  y: 64.0
  z: 330.1509280920866
  yaw: 292.19708
  pitch: 62.549988
logoutlocation:
  world: world
  x: -306.30000001192093
  y: 64.0
  z: 330.19627828936666
  yaw: 292.19708
  pitch: 62.549988
money: '10.0'
