lastlocation:
  world: world
  x: -435.0081024099645
  y: 73.0
  z: 330.02053992769703
  yaw: -291.8952
  pitch: 35.700005
