timestamps:
  login: 1373903067475
  logout: 1373904486343
ipAddress: 81.106.55.169
lastlocation:
  world: world
  x: -345.5
  y: 73.0
  z: 365.5
  yaw: -8.557088
  pitch: 22.950047
logoutlocation:
  world: world
  x: -345.5
  y: 129.91284932016745
  z: 366.5
  yaw: 118.7929
  pitch: 85.95
ban:
  timeout: 0
afk: false
money: '10.0'
