timestamps:
  login: 1388336969314
  logout: 1388337540847
  lastteleport: 1387556190937
  kits:
    tools: 1384193989464
  mute: 0
  jail: 0
ipAddress: 217.137.158.227
lastlocation:
  world: world
  x: -533.5943970999851
  y: 64.0
  z: 334.7241850708738
  yaw: -156.90475
  pitch: 14.249916
logoutlocation:
  world: world
  x: -441.13222981721475
  y: 75.9685189884974
  z: 281.76228048441703
  yaw: -297.89917
  pitch: 18.449982
afk: false
money: '4152.26'
geolocation: United Kingdom
homes:
  home:
    world: world
    x: -531.3354829602329
    y: 64.0
    z: 333.6669276705713
    yaw: -2.4047241
    pitch: 25.949978
ban:
  timeout: 0
muted: false
jailed: false
