lastlocation:
  world: world
  x: -438.952269860574
  y: 73.0
  z: 329.4541609345849
  yaw: 92.47472
  pitch: 0.0
