jails: 
  jail: 
    world: world
    x: -434.04275090830265
    y: 64.0
    z: 422.078810419234
    yaw: -274.95117
    pitch: 29.549994
